# MLCP Test 005 - size N - All dependent (1 rigid body) unilateral frictionless (full matrix) - positive violation (nothing to solve). 6 contacts per object, the 6 cardinal points.
flags = SOLVER_GAUSS_SEIDEL
total degrees of freedom = 6
number of constraints = 6
number of constraint DOFs ("atomic constraints") = 6
constraint types = MLCP_UNILATERAL_3D_FRICTIONLESS_CONSTRAINT MLCP_UNILATERAL_3D_FRICTIONLESS_CONSTRAINT MLCP_UNILATERAL_3D_FRICTIONLESS_CONSTRAINT MLCP_UNILATERAL_3D_FRICTIONLESS_CONSTRAINT MLCP_UNILATERAL_3D_FRICTIONLESS_CONSTRAINT MLCP_UNILATERAL_3D_FRICTIONLESS_CONSTRAINT
E = ( 1.8882351809998226 2.0869967789998038 0.9938079899999066 2.98142396999972 1.9379255804998179 2.0373063794998085)
HCHt = (
  ( 3.47530864197531e-009 -1.4753086419753095e-009 7.530864197530866e-010 1.2469135802469138e-009 9.8765432098765449e-010 1.0123456790123461e-009)
  ( -1.4753086419753095e-009 3.47530864197531e-009 1.2469135802469138e-009 7.530864197530866e-010 1.0123456790123461e-009 9.8765432098765449e-010)
  ( 7.530864197530866e-010 1.2469135802469138e-009 1.0308641975308644e-009 9.6913580246913612e-010 8.7654320987654348e-010 1.1234567901234571e-009)
  ( 1.2469135802469138e-009 7.530864197530866e-010 9.6913580246913612e-010 1.0308641975308644e-009 1.1234567901234571e-009 8.7654320987654348e-010)
  ( 9.8765432098765449e-010 1.0123456790123461e-009 8.7654320987654348e-010 1.1234567901234571e-009 3.4938271604938288e-009 -1.493827160493828e-009)
  ( 1.0123456790123461e-009 9.8765432098765449e-010 1.1234567901234571e-009 8.7654320987654348e-010 -1.493827160493828e-009 3.4938271604938288e-009)
)
friction = ( 0 0 0 0 0 0)
lambda = ( 0 0 0 0 0 0)
== END ==
